№   Дата/время         Температура   Осадки (мм)  
1    2025-05-10T00:00   7,1           0,00       
2    2025-05-10T01:00   6,7           0,00       
3    2025-05-10T02:00   6,4           0,00       
4    2025-05-10T03:00   6,2           0,00       
5    2025-05-10T04:00   6,3           0,00       
6    2025-05-10T05:00   6,7           0,00       
7    2025-05-10T06:00   8,0           0,00       
8    2025-05-10T07:00   9,4           0,10       
9    2025-05-10T08:00   11,0          0,00       
10   2025-05-10T09:00   12,2          0,00       
11   2025-05-10T10:00   14,4          0,00       
12   2025-05-10T11:00   16,1          0,00       
13   2025-05-10T12:00   16,8          0,00       
14   2025-05-10T13:00   16,2          0,00       
15   2025-05-10T14:00   16,8          0,00       
16   2025-05-10T15:00   15,4          0,00       
17   2025-05-10T16:00   15,7          0,00       
18   2025-05-10T17:00   15,5          0,00       
19   2025-05-10T18:00   14,3          0,00       
20   2025-05-10T19:00   13,4          0,00       
21   2025-05-10T20:00   12,2          0,00       
22   2025-05-10T21:00   10,8          0,10       
23   2025-05-10T22:00   10,3          0,10       
24   2025-05-10T23:00   9,9           0,20       
